19.041828
19.02278
19.104008
19.052864
19.04831
19.060837
19.032963
19.029915
19.072893
19.067984
19.034374
19.021843
19.02126
19.065262
19.074871
19.038012
19.059635
19.066555
19.100054
19.074585
19.037167
19.02401
19.073925
19.044079
19.080597
19.050793
19.038155
19.040363
19.0597
19.048767
19.051453
19.055332
19.07212
19.06855
19.03453
19.0798
19.072641
19.089546
19.08283
19.058565
19.059296
19.062656
19.058079
18.989483
19.055094
19.030445
19.05428
19.067383
19.017124
19.032639
19.044685
19.073286
19.059484
19.039244
19.072945
19.081535
19.0346
19.058514
19.05505
19.108482
19.057518
19.071873
19.073689
19.004616
19.06657
19.037525
19.042862
19.10418
19.050846
19.050604
19.042088
19.080238
19.018753
19.016014
19.08702
19.087452
19.07308
19.062943
19.05847
19.091604
19.04591
19.042854
19.08527
19.109493
19.05669
19.01872
19.062487
19.048885
19.026173
19.064545
19.079987
19.042242
19.07309
19.0609
19.069801
19.057514
19.02454
19.054596
19.045193
19.024864
19.082203
19.021221
19.062262
19.054735
19.025074
19.036098
19.049736
19.04773
19.06575
19.042213
19.099121
19.025257
18.989756
19.001366
19.072426
19.082
19.053234
19.0086
19.072296
19.045933
19.053133
19.077612
19.079874
19.067968
19.064327
19.071331
19.01437
19.054958
19.055277
19.069263
19.089554
19.11718
18.996895
19.079527
19.072742
19.092329
19.071009
19.06949
19.065672
19.031935
19.092312
19.06961
19.027054
19.085018
19.06826
19.079475
19.082272
19.093512
19.113913
19.04063
19.054646
19.082315
19.052423
19.036953
19.053728
19.061207
19.060207
19.044905
19.054104
19.05692
19.062046
19.054926
19.072813
19.02033
19.066162
19.053497
19.04718
19.069695
18.997963
19.039232
19.037483
19.010054
19.06243
19.094843
19.037176
19.035969
19.06783
19.050217
19.035002
19.030247
19.035599
19.093912
19.014732
19.081366
19.019402
19.076603
19.039661
19.076221
19.079525
19.03979
19.05331
19.039124
19.05069
19.109814
19.051884
19.064621
19.011738
19.095814
19.039064
19.017094
19.037909
19.042843
19.118938
19.057476
19.066048
19.0929
19.06702
19.03738
19.001316
19.049316
19.097324
19.079136
19.097313
19.026218
19.055641
19.066328
19.026943
19.07957
19.0516
19.081127
19.046257
19.093313
18.990788
19.071167
19.060184
19.023567
19.020567
19.095587
19.04376
19.064087
19.064194
19.060741
19.054981
19.079065
19.056217
19.053938
19.018589
19.053913
19.101797
19.062838
19.027164
19.08743
19.098894
19.073938
19.037228
19.04258
19.043224
19.032646
19.02415
19.06035
19.074669
19.04591
19.054916
19.035116
19.099886
19.009995
19.032688
19.095478
19.090218
19.077429
19.028896
19.004604
19.056282
19.056562
19.080502
19.064484
19.053432
19.057262
19.041681
19.063936
19.049324
19.029638
19.049057
19.067257
19.037682
19.042032
19.034237
19.035435
19.041878
19.003086
19.127815
19.04166
19.070276
19.043953
19.02987
19.08649
19.097158
19.054268
19.067123
19.059952
19.035297
19.053234
19.03566
19.036236
19.008429
19.032757
19.079227
19.040794
19.148205
19.062914
19.033772
19.081928
19.08104
19.047535
19.047697
19.067001
19.063272
19.06413
19.031801
19.066986
19.042925
19.04457
19.013035
19.060415
19.102303
19.03346
19.02211
19.069513
19.067997
19.02404
19.017326
19.021166
18.991795
19.062708
19.067245
19.040577
19.079374
19.13101
19.063831
19.037552
19.046446
19.071442
19.046934
19.089703
19.041924
19.053642
19.096231
19.060253
19.008049
19.101543
19.021572
19.073986
19.025028
19.070082
19.050201
19.061146
19.070734
19.055264
19.008621
19.094864
19.033089
19.079288
19.078176
19.060936
19.128134
19.030632
19.056934
19.039207
19.013477
19.074835
19.087345
19.046167
19.036516
19.074718
19.050377
19.034008
19.018387
19.052664
19.045847
19.049198
19.04878
19.070335
19.04839
19.038845
19.049248
19.07999
19.08473
19.030117
19.053234
19.049675
19.079819
19.078497
19.027092
19.109915
19.113605
19.06763
19.0592
19.05272
19.030006
19.072891
19.075365
19.097221
19.086765
19.099777
19.049355
19.059368
19.00697
19.035376
19.00453
19.041086
19.106237
19.074022
19.09761
19.072533
19.066334
19.065203
19.019136
19.047098
19.05175
19.044159
19.005209
19.070637
19.114773
19.041443
19.091995
19.062855
19.055677
19.068945
19.074429
19.087912
19.049587
19.073366
19.082409
19.050121
19.068506
19.040459
19.035559
19.02232
19.041805
19.0505
19.033627
19.097282
19.003534
19.037178
19.030178
19.024006
19.061867
19.042973
19.084782
19.064554
19.063015
19.105194
19.03696
19.099922
19.002048
19.062508
19.07534
19.05259
19.076305
19.018028
19.100574
19.080105
19.044603
19.03191
19.066643
19.073727
19.098791
19.045115
19.078442
19.061676
19.049833
19.02667
19.01027
19.07336
18.982069
19.05423
19.060371
19.081612
19.011478
19.009983
19.05698
19.016075
19.056152
19.046684
19.058273
19.055592
19.08056
19.08957
19.065138
19.066109
19.07521
19.011667
19.009056
19.022501
19.099354
19.057556
19.059885
19.037552
19.05021
19.071617
19.066572
19.043692
19.094208
19.009928
19.08107
19.057032
19.090538
19.083841
19.044876
19.055004
19.058743
19.082981
19.06425
19.072735
19.037498
19.059593
19.09235
19.036865
19.067892
19.07877
18.991756
19.023357
19.059586
19.053371
19.084583
19.054104
19.045681
19.059875
19.033884
18.994696
19.067085
19.05767
19.052502
19.029129
18.992474
19.054955
19.077103
19.06603
19.07948
19.032545
19.051662
19.013302
19.063477
19.031548
19.035812
19.034557
19.082863
19.013351
19.022018
19.088726
19.029484
19.056362
19.007648
18.994274
19.049301
19.060211
19.046352
19.01759
19.072891
19.128479
19.116909
19.069954
19.019365
19.053291
19.032722
19.113613
19.100863
19.074646
19.038391
19.12243
18.950544
19.064945
19.104397
19.06696
19.097307
19.058681
18.999313
19.07066
19.02539
19.081156
19.080746
19.00602
19.054432
19.050337
19.045538
19.074978
19.040112
19.041046
19.09066
19.068066
19.085545
19.086853
19.102642
19.039888
19.046764
19.087673
19.042252
19.085117
19.026598
19.051542
19.02619
19.06786
19.070099
19.079197
19.065075
19.029781
19.019466
19.060139
19.082432
19.042423
19.042238
19.071878
19.024387
19.080975
18.985409
19.045513
19.095959
19.041166
19.092186
19.032887
19.04005
19.053617
19.028463
19.076914
19.039038
19.057476
19.059195
19.051455
19.082602
19.0631
19.014933
19.045242
19.060091
19.08204
19.051367
19.046688
19.028728
19.019386
19.013954
19.047491
19.047588
19.049511
19.03069
19.081604
19.043804
19.06664
19.043854
19.069176
19.057724
19.090923
19.057955
19.042236
19.06773
19.038504
19.063354
19.01991
19.036835
19.046705
19.049036
19.068161
19.013683
19.047861
18.9855
19.073751
19.054155
19.112782
19.09336
19.059328
19.027557
19.083246
19.0715
19.030327
19.083252
19.020054
19.035963
19.027832
19.06792
19.060501
19.072546
19.076267
18.998337
19.058887
19.039814
19.051754
19.096024
19.13607
19.03953
19.03978
19.033321
19.066158
19.030212
19.029827
19.006283
18.993887
19.026588
19.05772
19.019264
19.046663
19.034372
19.08369
18.995756
19.011496
19.099443
19.126392
19.031448
19.12135
19.019003
19.021969
19.073875
19.069035
19.045685
19.06147
19.046675
19.053322
19.021275
19.03367
19.12246
19.036926
19.072271
19.127962
19.014996
19.086987
19.085852
19.10411
19.0456
19.025162
19.000496
19.056486
19.060043
19.05841
19.082865
19.070564
19.064398
19.111572
19.039722
19.029806
19.06849
19.015265
19.018951
19.034134
19.040348
19.03618
18.99386
19.046928
19.037415
19.077206
19.029055
18.96031
19.06729
19.065332
19.027615
19.02157
19.03722
19.076298
19.08965
19.08528
19.029018
19.057056
19.026848
19.044312
19.072346
19.037918
19.033218
19.039997
19.058979
19.076757
19.059341
19.0408
19.06433
19.0136
19.043552
19.063517
19.020878
19.085411
19.03261
19.02965
19.037605
19.048836
19.0489
19.060246
19.055376
18.988194
19.0038
19.099882
19.087442
19.03029
19.01405
19.03442
19.09532
19.042225
19.034275
19.086412
19.094719
19.06503
19.054008
19.046894
19.024103
19.020914
19.036617
19.074373
19.066278
19.044159
19.044567
19.091785
19.037006
19.044785
19.026045
19.055986
19.071903
19.09119
19.052654
19.055466
19.062653
19.039001
19.093557
19.075668
19.049734
19.062561
19.034155
19.06137
19.062534
19.05247
19.031517
19.03012
19.036585
19.012276
19.005835
18.97785
19.063305
19.088566
19.064291
19.082298
19.052343
19.052742
18.97927
19.107351
19.024847
19.077543
19.059002
19.033417
19.010746
19.07825
19.055166
19.018013
19.041271
19.019848
19.01062
19.034336
19.002768
19.007935
19.000805
19.04277
19.049295
19.030064
19.026524
18.977287
18.944506
18.940426
19.01693
18.962534
18.951906
18.938099
18.970478
18.974297
18.980722
18.898169
18.952473
18.865448
18.924023
18.961718
18.909779
18.902206
18.875652
18.803482
18.890038
19.098759
19.101505
18.885912
19.015766
18.917793
18.564962
18.759304
18.161888
18.60118
18.749546
18.06691
18.644194
19.323225
18.888144
18.75499
19.081547
19.056131
19.067995
17.123825
18.063332
18.08572
18.076893
17.069874
18.920874
17.083996
18.88453
18.00301
18.31661
19.202831
18.850943
19.0108
19.261745
19.068653
18.896463
19.054588
18.821136
18.987082
18.955338
18.890614
19.212532
18.979694
18.821445
18.860895
18.917736
18.931337
18.817184
18.647518
18.778362
18.791382
19.070015
18.901728
19.022335
19.008442
18.825527
19.11613
18.799274
18.75034
18.929893
18.895046
18.78192
18.558735
18.749226
18.712803
18.755707
18.768795
18.533155
18.993338
18.977428
18.941051
18.99538
19.13261
18.980621
19.02915
19.034294
19.093775
19.013296
19.079624
19.15147
18.997768
18.999317
19.070047
19.04623
19.091806
18.933765
18.998993
18.984295
18.93116
18.910547
19.005768
18.938831
18.88911
18.908207
18.915224
18.73068
18.897089
18.962036
18.912434
19.011465
18.794905
18.410227
19.01144
18.464954
19.716232
18.908382
18.910278
18.899876
18.885303
18.783669
18.926199
19.179634
18.8631
19.04108
18.748287
18.915703
18.99319
18.864908
18.885326
18.751406
18.748016
18.761578
18.659536
18.74717
18.554625
18.92175
18.809074
18.325378
18.89586
19.090467
19.080267
18.930119
18.755363
18.903826
18.608515
19.660507
19.169758
19.112862
19.06828
19.095526
19.04224
18.993181
19.043615
18.989317
19.016294
19.07589
19.013573
18.989817
19.083199
19.00812
19.002743
18.95691
19.09642
18.9851
18.952427
18.90891
18.970024
18.978567
18.965298
18.949413
18.867477
19.007359
18.929646
18.84852
18.958874
18.911125
18.834105
18.850384
18.95942
18.91638
18.951994
18.914452
18.683777
18.752644
18.85099
18.800117
18.680275
18.886698
18.613136
18.754608
18.774906
18.940472
18.725973
18.738106
18.761356
18.86848
18.660961
18.804241
18.862793
18.748379
18.74157
18.750105
18.594284
18.597069
18.919891
18.383259
18.3031
18.527365
18.64162
18.61724
18.627518
18.782389
18.461313
18.396698
18.40204
18.481554
18.330585
18.607807
18.837278
18.725252
18.884287
18.591213
18.332996
18.274073
18.91896
18.722073
18.114594
18.422073
18.66054
18.535112
18.695879
18.624537
18.69852
18.354305
18.202114
18.654303
18.615602
18.69854
18.191357
19.878838
19.199736
19.143942
18.627739
18.463514
18.439316
18.581594
17.992184
18.298166
18.33424
18.568306
16.75023
19.476414
19.076931
18.614155
17.068829
18.164608
18.864159
18.486668
18.517525
16.800022
18.375256
17.1582
15.658704
17.594685
18.552267
17.930622
18.461777
17.022537
17.925842
17.810892
18.537876
14.773153
17.673937
17.998833
17.756866
18.618649
17.263332
17.77515
17.803967
16.67282
18.15173
17.477757
16.963505
18.608418
17.104492
16.321388
17.885849
17.709639
17.26506
17.945267
18.76239
19.12001
18.822922
17.734772
18.290665
16.704025
18.693764
17.576271
17.480106
16.38676
17.46904
18.355038
17.574791
17.385784
17.933563
17.43209
18.191353
17.283619
16.13312
17.687683
16.567245
17.78764
17.30928
17.256784
17.39626
17.043112
16.224274
17.4553
17.691944
15.541994
18.35808
18.511915
17.792526
18.131157
18.18946
16.27335
16.998383
17.226862
17.076595
17.731857
17.654552
18.448338
17.551643
18.295769
16.487122
16.06258
15.754362
16.950218
16.643503
17.723007
18.438951
18.878113
18.51855
18.493744
18.06037
17.297777
18.24227
17.794748
16.138275
19.162264
18.597649
17.211939
18.936357
18.474884
18.553722
17.212128
18.03499
18.179066
15.6327
18.019112
17.61671
18.389057
17.946783
18.393953
16.169289
18.36154
18.40736
16.14426
16.476618
16.755678
15.958622
18.217659
18.156448
17.382387
18.259844
16.279604
17.67702
17.132063
15.579496
14.95838
15.240209
14.605234
17.894909
16.771492
18.887423
19.071861
19.127666
18.601059
18.517273
16.718657
16.984333
16.576582
17.434956
17.255718
17.554459
17.809036
18.249643
17.499474
16.778374
18.338228
17.711271
16.287146
16.872545
15.22176
18.781332
17.568233
18.367216
18.209215
16.878902
16.276043
16.39223
18.181072
17.592653
17.402569
17.296658
17.700218
18.75618
16.491974
16.155945
17.882313
17.095266
17.059822
17.517895
16.464958
18.144283
16.72356
16.3868
17.736107
16.823975
16.699032
16.422665
16.37154
16.112448
17.049103
16.46938
17.681305
15.167529
17.036217
17.086851
18.363445
18.815784
18.332071
17.816936
18.339355
16.201572
18.448627
18.369923
15.559557
16.520096
16.020893
12.754632
17.010525
16.279995
16.676098
16.623299
15.5516815
16.948227
16.861507
15.977115
17.843075
15.646494
19.175043
15.5860815
12.811152
14.661232
18.058702
18.023582
15.349346
17.20708
15.273492
16.213966
15.814165
17.400446
15.797033
15.376402
16.97345
17.44571
17.82415
16.562057
15.083746
15.73328
16.124296
17.494442
16.776886
17.929153
14.192595
17.672482
12.190638
14.804269
18.83575
16.315132
14.689293
17.259731
18.462994
15.818516
17.294035
18.66489
18.680225
15.702797
16.44716
14.294571
16.668396
14.071764
15.866863
14.495441
14.67559
15.633556
16.50759
11.915388
15.7629595
15.036118
14.980885
15.79139
16.47913
16.366554
16.436451
16.074963
16.459236
17.790155
17.954943
16.007706
12.792403
16.30189
16.655653
15.228035
17.060345
13.567753
15.689188
15.34665
20.676113
19.41972
16.931248
16.63146
15.825357
16.51759
15.399675
17.719494
16.352333
20.29078
16.392242
18.526241
17.531727
16.072136
17.507305
12.556618
17.889996
15.758673
18.014246
16.78352
19.10021
18.954607
15.881803
17.511744
16.266443
17.25851
15.973123
18.281887
16.049614
15.977507
15.889676
16.14309
15.118701
16.14703
14.870943
14.429668
14.00577
16.543957
13.283985
13.142214
16.114275
13.891425
14.957174
15.488995
17.873337
19.309996
16.736053
14.297912
17.103737
15.876414
15.079251
16.15926
16.98478
15.809528
17.532986
17.006813
17.538475
18.216526
15.564827
15.702851
15.237546
16.198572
15.62176
16.071005
16.379545
14.544995
15.751822
17.156963
15.4886465
13.70319
14.079615
16.332455
17.764223
12.563923
15.937147
15.484854
12.585413
17.517782
15.885151
15.973898
13.747278
17.352558
17.962166
11.908
14.909979
15.723949
17.28561
18.144295
16.272419
17.111183
14.781648
15.457098
17.287012
17.441216
15.133305
18.046734
15.745043
15.159422
11.952061
15.5489235
16.629692
19.315262
16.58152
17.115183
14.452028
18.2765
17.300985
14.165361
17.149601
17.709639
15.556456
13.999101
14.633067
16.292202
20.88385
13.624229
18.870762
15.486065
18.172232
17.950336
16.310442
14.202872
16.861683
16.033207
16.65691
14.669353
15.11765
17.44758
15.870552
14.977899
15.487867
18.454605
14.9996395
15.864704
14.768852
16.434904
16.865921
14.352022
13.08849
16.601706
14.033044
14.91563
12.863677
12.749584
14.737535
14.679672
14.619927
15.976611
16.371096
16.487705
15.028238
14.581225
15.520563
14.250492
13.15457
11.117025
15.079558
17.420715
16.500134
11.267809
17.151434
12.595549
15.605034
12.731962
16.52115
17.720196
15.676082
13.037958
11.594812
21.551731
11.857199
17.260569
15.6826725
14.10007
19.151093
16.47784
17.768517
17.780632
16.930286
16.086193
16.715675
13.714275
15.966835
14.645231
15.07559
15.862834
16.184885
14.599185
17.088715
22.593178
19.91926
25.679874
18.58074
19.412407
19.180866
18.840353
18.768145
18.891846
18.751629
18.879467
18.822927
18.375526
18.579626
17.432236
18.265953
17.225334
18.640274
19.423124
17.834848
17.034958
16.166012
15.053282
17.260963
16.680904
15.468306
17.624542
18.916672
18.133093
17.665096
17.180483
23.903416
19.319923
18.330322
18.863594
19.054361
18.957108
18.894989
18.865734
18.83371
18.511871
17.577602
17.84222
15.842898
17.651941
17.011606
17.135338
18.29474
13.988218
18.309422
17.791382
18.34309
14.756719
15.355714
15.343172
17.117714
14.658159
15.757375
15.887577
18.305828
16.861423
16.617992
14.862237
15.625324
16.815416
15.437516
17.595818
16.318142
18.783035
16.788424
14.701878
15.587067
11.849674
15.942863
17.638226
15.777566
15.429513
16.091007
13.447165
16.211882
12.437462
15.258476
11.149049
18.267885
15.555375
17.997196
17.464876
15.205542
14.026337
16.238194
14.8317795
15.593998
17.62806
16.445393
16.30475
17.85102
15.654772
16.141785
17.433512
14.06002
12.992033
17.18509
13.575648
14.680302
14.772815
16.858849
14.362127
14.2687845
16.54599
16.10141
13.439241
16.688585
15.637628
16.014593
15.379273
15.666445
12.174171
16.15058
16.90651
16.268475
15.346036
17.122862
14.528404
16.25716
16.89043
13.8357315
15.628483
15.629884
16.838196
20.182085
15.810506
17.856815
14.8088045
14.874243
17.962154
14.194404
13.67317
16.380604
13.509237
14.012997
14.413642
14.307087
15.581253
16.307247
15.589219
12.106958
16.377243
11.191658
14.187422
15.12238
15.65078
16.901237
17.593987
14.76318
15.95311
13.826448
15.643808
13.565545
15.707849
17.229372
17.368015
14.395817
13.756695
10.822996
14.846821
17.00961
14.342115
16.75793
16.481606
18.92635
15.863198
12.234043
16.094734
12.661173
14.664001
15.25766
15.427151
14.669822
13.203676
14.482761
16.153708
17.325531
12.937319
12.530903
13.65497
15.696299
11.937544
15.392239
14.454954
13.003959
17.096828
13.902613
12.803249
11.976868
13.318917
12.359865
11.836233
11.228246
16.19958
17.595861
14.882977
15.43196
16.976267
13.251196
13.528849
13.480469
12.497092
12.609329
16.457624
14.912693
12.929175
16.386894
15.721455
17.556831
13.613159
16.063274
16.07705
12.836698
13.451126
12.499997
11.863783
16.377941
13.105813
17.35516
15.014041
17.61336
14.942385
15.65207
18.483751
14.078409
15.775578
16.270382
17.203487
14.2244215
13.587432
14.723917
15.853891
12.319576
13.010604
15.563193
13.561393
9.429094
14.94645
13.651785
14.600161
13.705058
15.56815
14.498222
13.768543
12.168699
15.004353
17.384233
12.064273
14.169759
16.122257
20.296713
16.785574
15.846491
12.07457
15.388148
13.710903
14.294518
15.566688
11.760136
10.680996
10.982201
16.394812
13.521983
15.210682
11.882473
15.718113
17.137924
17.4949
16.291822
13.182982
14.403896
14.802575
13.869797
17.339108
14.502129
15.118276
15.375658
14.754979
15.2656145
14.055866
12.732258
17.861431
13.568428
15.489884
14.941678
17.439869
15.354538
16.031994
16.697735
18.120071
17.184645
15.855059
14.215059
13.408871
16.62262
11.283262
14.622058
12.193447
13.562669
12.797152
15.45537
13.679948
17.32336
16.540524
17.104502
16.888845
15.078927
16.453396
16.167461
16.263498
14.59482
18.854828
16.853176
13.7437315
14.855484
14.736441
15.47627
13.609476
13.450588
17.706059
13.770889
15.882816
15.006094
13.605766
15.901931
14.174956
15.392067
17.40301
12.465147
14.578354
13.813551
16.479086
16.848454
14.711408
14.75984
12.708052
12.704634
15.222937
10.880005
16.56128
15.265454
12.539109
15.545279
14.2443285
13.794206
14.3859215
14.371986
14.434031
15.26576
12.840805
13.814183
18.327679
15.443876
14.000254
15.231068
15.725698
9.449217
13.145224
13.029502
17.144623
13.7443
12.534447
10.139795
12.783884
13.951013
14.151912
14.003596
13.3773985
11.400478
15.124057
12.835525
14.27293
13.731186
10.441715
15.616262
13.646457
13.793996
10.335926
13.1342945
11.12657
14.535256
14.470865
11.129156
10.906875
10.4974375
12.371614
14.069156
14.533463
12.56464
12.603069
12.833126
13.671127
12.72649
14.513741
14.405952
15.583999
13.22043
9.254825
13.674783
13.371899
14.863216
13.895409
9.84573
13.037239
11.174275
10.588747
13.100414
7.3488684
14.721356
13.492821
12.157237
13.469634
12.091482
11.647108
17.120335
12.000599
12.573908
11.776718
12.856186
13.011148
15.660635
15.335898
16.772812
13.491971
13.782614
16.351816
11.914309
13.5038185
14.405538
12.437353
15.155685
11.031625
13.124435
9.883345
12.393166
11.36093
11.403702
11.740982
13.104977
12.935162
11.248877
13.64843
11.193615
11.973634
16.335953
7.9443474
10.407354
19.466057
15.39418
14.603798
16.713593
11.997408
16.454124
14.145677
13.287536
13.88854
12.244589
10.648971
17.377464
12.999952
17.882835
14.669447
13.865888
15.454137
12.045227
14.936211
11.852179
10.650509
12.621356
12.805622
14.755476
11.823295
12.260435
16.270323
14.950235
11.722449
10.986034
10.46825
12.116787
15.750955
14.60467
15.346729
15.878034
11.075958
15.367426
13.663041
12.630249
10.925705
10.706105
13.729936
13.129213
11.461969
13.514158
12.137268
11.121105
16.317442
14.561594
14.913897
13.207699
8.396902
13.368687
9.382737
9.762915
6.509102
10.600393
9.560917
10.5381775
11.007662
14.451834
12.561968
11.123947
8.52253
13.448343
14.33363
9.5499
14.897987
13.985202
14.268793
10.222441
14.416258
9.109324
16.875765
9.665492
14.925262
10.154528
12.190102
10.028458
18.147581
13.882096
14.0077095
21.66785
19.39355
15.092721
17.023453
13.362183
12.6365795
15.391771
16.527767
16.737398
15.573715
16.469587
10.821785
14.688074
12.1460285
14.392541
11.812702
11.075977
14.703981
15.63735
16.326822
10.398103
14.884382
15.366361
12.960356
14.731792
19.360493
15.106345
15.512491
10.040842
14.832161
14.111978
12.725977
11.691982
11.035311
10.171811
10.541497
14.184314
10.780781
15.454126
11.507465
10.033155
10.629521
10.616192
10.9716835
10.458583
11.910244
11.919439
15.664656
9.537009
12.533104
15.172766
9.818037
10.916701
9.778522
9.667938
8.674009
8.445713
10.228359
9.229607
12.097395
12.98614
8.981955
9.728752
12.557001
9.798433
12.731737
10.608164
14.681726
15.942931
9.973928
12.492324
11.0073395
8.831755
10.869859
15.448773
14.721338
14.64188
13.332529
6.9481745
15.014822
11.694471
8.979155
11.978373
12.988974
13.050282
11.039942
10.761647
12.695869
12.735381
12.027282
13.416072
12.5912285
14.382517
9.647453
10.263062
8.144365
9.5925255
12.399474
9.555996
10.3496685
13.086699
12.431952
11.898039
10.035389
11.086093
11.979019
8.804958
10.565806
12.80652
6.5344305
9.665164
10.637884
9.55527
13.265305
11.209305
10.672921
11.478471
12.422144
11.883806
9.358511
12.065624
9.295983
9.321747
14.763947
16.406914
14.894473
13.97762
12.242795
11.32933
12.3266535
10.933446
10.782364
8.421186
13.4998045
9.503477
13.660183
10.568502
9.914447
13.010028
15.767496
15.5511
11.667697
11.199671
11.144167
14.53958
7.3999834
11.771082
12.19516
13.905291
11.498627
14.139662
20.980589
16.991114
17.055809
10.073717
10.568779
11.239611
11.911858
10.932723
9.884229
10.297256
17.220816
11.615927
11.329148
9.793201
18.594547
10.911894
11.065376
14.979773
14.404053
11.137452
12.55813
7.7735057
11.569882
11.813951
10.137635
9.145646
11.922932
14.68787
11.059808
16.125616
20.779661
14.509738
11.218842
14.6043625
10.181532
13.602972
10.69288
10.364334
9.850269
13.421045
18.90783
10.479456
9.943432
12.069267
10.486671
8.336292
9.890909
10.326526
11.028624
13.429657
14.139595
13.622674
10.588696
14.674224
13.138916
11.369947
17.449821
10.504602
9.269025
16.35313
14.710055
12.639411
17.301952
14.254702
11.46718
12.636686
12.204292
13.7045355
7.971927
10.785678
14.036898
11.714748
6.821778
12.856931
14.178055
9.626245
11.585733
13.271108
13.615455
10.379661
15.139375
11.662419
13.314285
8.112703
9.742807
12.711189
11.630915
11.1242285
11.251959
12.063004
14.339318
15.728973
11.1165695
11.704861
11.946739
13.958767
13.25378
13.934448
9.932684
13.447938
12.729314
15.733871
14.126602
9.167974
9.313231
14.849407
9.219013
13.3019905
17.020329
16.359756
14.172419
10.348181
8.500191
12.058252
12.8589525
7.821054
12.075161
10.268759
9.805553
12.80545
11.122555
14.553789
7.543234
11.936776
15.589199
7.7458005
6.753215
9.981472
10.740879
14.103315
13.414685
9.326023
13.066671
9.765493
10.412107
12.600009
9.125889
8.929804
10.787129
17.460327
11.17835
11.018734
9.817188
10.659648
13.28222
11.020074
12.466976
13.857203
14.775669
13.8194275
11.7482
8.472672
8.38527
7.5417423
10.680664
17.268295
12.237301
12.56405
12.275093
10.993275
15.045504
10.195036
12.087908
10.988523
10.265224
10.865715
12.231358
8.018159
11.904407
10.083421
8.222294
10.446154
8.394592
8.9802265
8.0918
9.820321
10.463388
8.017366
12.161409
13.790997
13.711888
15.624153
17.601414
10.654937
10.658486
12.149133
12.911055
10.764641
7.87032
11.527629
9.12485
10.409067
9.248764
11.944311
9.059633
7.4357247
9.327257
14.424717
12.104036
10.960478
12.382435
8.55015
11.496136
10.925569
13.296341
8.122131
8.461391
10.185293
12.965239
13.588778
7.1003656
10.745451
15.23592
10.012819
11.750205
8.251689
7.983509
11.368031
14.28352
13.93413
11.71468
11.311747
10.7286
8.031305
10.638945
10.443031
10.602102
8.961168
8.754152
12.887197
12.105656
8.516092
9.711428
8.99708
8.714895
7.7977476
8.475376
10.283001
8.711645
10.212432
13.808089
12.254637
15.233573
8.156055
8.922746
9.167173
11.28054
9.061365
10.45082
12.253985
13.010225
4.889849
14.271976
10.368657
10.2263565
10.434866
7.7435937
6.5235367
6.890663
6.441009
11.880889
7.398902
16.002579
18.671043
15.140461
14.178314
11.773274
14.645332
11.1197405
10.241741
9.876968
10.715364
12.099476
7.0656886
9.676266
7.528715
8.545521
16.622545
11.197238
9.292872
15.464874
9.893063
13.7449875
10.899462
13.451284
8.595511
10.775217
13.334028
11.44363
9.344282
8.923975
9.838848
10.760523
9.246032
8.126019
10.716534
10.989002
11.184341
7.336774
10.040354
9.443474
14.2097435
15.570383
11.901352
21.431725
13.7769165
16.489826
14.5028105
12.660318
13.906679
8.551373
9.681425
13.941449
12.643703
10.2177
9.944
8.777197
8.525185
17.42491
11.628733
10.666661
11.918639
12.120565
13.048143
13.3398
9.307253
10.561733
11.114336
16.571434
12.385204
10.993128
8.806335
8.645853
9.13309
8.487862
13.556452
15.718061
12.014622
8.471234
12.2309265
11.862665
7.832938
12.502468
8.079983
7.8324356
6.5466986
9.734865
15.855525
10.779966
11.42883
12.762598
10.849978
12.531642
7.091544
7.449879
10.79954
7.9956
7.4764304
11.381774
8.395571
12.374775
6.914774
6.435094
12.532053
10.643323
8.828455
6.756961
13.215715
8.36174
6.387188
8.023371
9.9856205
7.5029974
3.9739127
10.641708
12.459999
7.312854
11.142567
8.693772
12.62567
9.729622
8.069147
10.805496
9.251033
8.517026
9.4572115
8.4792795
10.740086
7.767979
9.179321
7.10445
9.755504
7.504135
5.9953127
9.994541
7.0952463
8.761265
7.918711
12.858772
6.501105
12.160655
11.653679
10.163099
10.052546
12.131714
5.4151335
9.274187
12.140711
12.68108
8.020354
7.647209
4.567635
7.6172695
5.447508
9.645257
8.824995
9.171898
8.827379
9.820539
7.241256
11.817639
11.144999
8.028412
9.705587
10.094278
7.146598
8.840666
8.888031
10.536202
8.448869
6.121175
6.806131
9.635361
8.209646
7.1849794
9.770844
9.444516
4.804803
9.178213
6.978036
5.2585073
7.9614177
6.9032774
12.108741
5.7557144
9.332039
9.018332
5.6034985
9.216235
7.971657
8.027165
5.235082
10.274553
10.975298
9.0564
9.882652
7.71482
15.638774
11.003858
7.348679
7.4361057
5.770554
8.137777
10.378062
9.185474
7.637089
12.534519
10.235907
14.783384
7.767696
8.276069
13.825907
13.103638
10.49937
7.597447
8.524871
10.009502
9.2205105
7.757806
9.1616335
13.004944
4.644374
5.8705745
12.067382
11.683733
8.534821
6.86957
7.054326
10.894749
14.899246
9.600949
8.517317
6.842044
10.95059
7.676626
4.4793034
8.631643
6.7682786
7.9446473
10.848811
8.232416
9.2322645
9.778378
10.951128
3.569233
6.9560685
10.912675
9.801344
10.094549
6.6037884
9.7706375
12.779044
14.835514
10.863225
12.532989
9.813856
12.518221
7.1068954
10.76
7.6604023
5.97665
9.420336
10.937923
6.1357703
9.215385
6.239792
5.549244
9.563613
13.396352
10.171407
15.937229
11.5186405
8.420256
8.616812
11.646751
13.163483
11.685156
9.810938
14.44781
6.026252
9.366228
7.99941
9.784769
7.612912
6.571203
6.887652
8.668068
6.613454
11.580091
4.708449
7.9167943
10.42464
9.283918
7.513199
4.014523
6.5265865
7.732786
8.5997095
7.4468446
6.9235506
6.348078
8.468542
6.643529
6.8305817
11.036363
11.711369
8.537067
10.826519
9.091463
11.148632
10.913299
12.242144
7.51651
9.783798
10.454489
7.9078593
15.402666
13.480693
16.85233
8.478872
10.086424
16.13694
14.429859
8.711049
9.29744
11.189922
7.4185233
9.123478
5.2590303
5.0970826
5.610033
6.2919483
8.973439
8.226402
9.063905
13.122898
10.847738
8.581991
5.8659987
8.587101
7.4047832
5.330455
6.759042
5.46417
10.21518
7.6287723
6.908616
5.632894
5.675191
6.507781
5.5962744
6.7811213
2.9246724
3.301772
6.3293724
5.928126
6.7956324
13.107843
12.538305
15.671302
13.500156
10.840801
9.821202
9.553122
9.795803
14.581797
10.569683
8.601349
8.995373
9.345243
10.933184
10.33492
7.7820168
14.792579
14.8334675
14.65556
11.369622
13.201147
10.062864
9.610379
9.454776
8.005644
16.389576
7.608781
8.70208
8.938111
8.616555
11.227351
6.879952
6.3760448
9.577494
11.010633
7.146821
7.8357344
6.9799128
3.728936
8.46867
11.4916115
7.0703835
9.061604
7.33832
8.246095
5.2316666
4.1474752
9.483456
5.7609167
7.5343027
5.7405634
10.755354
9.700467
6.091205
9.796049
7.6548176
7.3790894
9.7002125
8.973539
3.2317593
6.0772142
5.2683315
8.0858965
4.7754364
7.504263
7.287505
14.607729
15.206429
11.137814
4.643362
8.093277
8.442659
8.506061
8.936443
5.3827515
5.6030693
6.147013
11.84914
4.043261
6.327582
7.169196
12.739133
6.711576
11.4434185
14.719444
14.599444
8.115128
5.3691697
5.803083
5.3834705
3.8111842
8.271156
3.4796824
6.12587
4.2200613
5.1139164
7.9903107
8.969597
6.8610916
5.5769777
11.576555
7.218025
5.5046954
5.499087
10.820431
9.5269
8.251587
3.981465
4.6984754
4.7807193
7.911308
8.563108
7.4237823
5.4976864
7.1229315
3.0422902
6.9244323
11.7999525
6.6272726
7.087283
12.845918
15.555542
12.639989
7.7838354
12.017296
6.819751
8.340845
7.9684105
6.0757055
4.5682135
7.4605317
6.623892
6.282039
7.836964
13.211322
8.224939
7.3373404
8.399424
9.352079
3.5656059
6.1451106
9.295773
10.349466
5.92636
9.415939
3.0612035
6.577544
7.612607
6.2844276
5.9954023
6.16229
4.820121
10.605778
7.219756
6.0275965
5.6066895
6.3725176
2.7400446
2.884462
7.913121
6.861824
3.8976343
2.505713
5.0928326
6.4564877
4.4449553
5.9769616
9.371996
10.582646
7.7594433
6.595315
10.132158
10.687803
8.772486
3.3045354
7.949523
4.7039723
6.172641
4.627129
8.672806
6.1716805
4.089226
5.3715525
5.172139
6.452139
8.822447
2.8049917
5.4684453
4.856576
2.9910858
5.482906
4.6911364
11.393293
8.247749
5.353771
8.232292
6.5936913
6.9632034
3.9471874
7.823806
4.349781
10.618948
13.775747
8.75593
5.6482716
14.552616
6.854243
14.236614
12.710439
12.481554
7.1404324
7.3494625
11.442461
11.488054
12.267036
14.888304
10.111103
6.9055185
9.84155
5.121365
8.731457
6.7341084
12.453234
8.362371
8.491284
9.800707
9.124151
11.24547
5.5462427
12.747618
4.8618946
7.901392
10.238946
6.5034037
4.0409794
8.5489645
4.8763285
9.380785
7.3000765
9.7249
5.36484
5.7877836
9.28701
7.184615
5.832419
5.6019077
4.651003
5.783569
2.82017
5.4343605
5.747777
6.4737625
4.5012026
7.278383
11.193163
11.343559
19.905643
16.755993
15.065525
16.8442
6.1944065
5.872692
12.392727
8.115433
9.475493
9.38385
6.0613456
11.227809
6.6893816
5.056017
12.019716
6.3527336
5.2012925
6.5791016
5.72239
2.9622245
6.0816703
8.280716
4.867467
8.500147
4.61047
9.62351
4.950239
7.047485
10.292927
9.603649
12.50235
4.3643665
8.157743
7.030704
8.526424
4.8960686
8.484852
6.603417
3.4343913
8.190236
3.3106601
7.0017357
6.3620996
5.2251177
6.6715083
2.8613083
5.876132
4.6499796
3.7826567
5.145003
7.8944054
1.5483444
5.0401735
1.6490104
2.381517
5.8115177
5.7910614
5.766049
13.825726
9.333851
7.5666647
3.491969
4.884609
4.0539694
7.395522
5.2075214
1.3233914
4.766493
4.233142
8.569614
3.877791
6.9104743
6.186179
9.896887
7.6605206
8.029729
5.6899056
8.103174
5.618284
14.7657585
11.066168
6.5403194
9.157883
6.6743946
6.5581775
1.8402045
8.381792
5.850873
6.2783375
5.190708
6.158257
5.146377
4.856594
7.977043
5.589226
5.1224566
6.6473455
6.177875
3.181807
5.66271
7.067138
4.060704
7.1274033
5.7162733
3.6157212
5.2743444
5.132519
4.2844744
2.7449365
3.1593845
5.6968403
4.370704
1.4999795
8.081058
2.7481518
5.0754604
13.134752
6.03117
6.8419647
6.907407
3.9810147
8.538053
6.3326006
3.9724715
4.784957
5.589719
4.5047736
11.191079
11.071941
7.695757
7.320594
9.600395
6.049032
3.4460502
6.2521887
5.345091
7.0032253
10.315916
10.763023
3.9224334
2.226924
4.931184
2.438737
6.5239587
6.255225
4.889239
1.4758621
4.245877
6.4972606
7.766941
3.67875
7.73535
7.2378106
4.9853873
4.7741294
2.3344007
2.3367913
3.5169134
2.6164052
10.61555
8.22107
9.633114
3.0230927
5.8271523
3.3828025
5.1338744
4.396303
6.6578317
4.187109
4.0741863
5.8985305
5.4699087
7.053387
7.2603703
4.5769715
3.8554764
7.323371
6.138076
4.69289
3.252942
3.7778256
6.1316442
5.794468
5.629309
5.1096697
4.0785956
4.2676897
7.786338
8.778827
4.576546
8.425455
9.259836
5.3601184
7.286908
3.7575035
4.070735
4.423449
5.7811975
5.2966237
8.532021
2.8418174
7.211116
3.361828
4.3343725
3.3846576
5.3038454
6.5846777
5.314608
6.5496845
6.3929825
4.8061714
2.876048
4.4768586
5.43347
8.12378
2.9364314
3.6181493
3.3041973
3.118929
5.9946623
12.179037
5.3377757
3.1314235
2.9923997
6.2344427
5.074009
5.4931555
0.6549705
4.882335
7.8348684
1.2326164
1.4723923
3.6701703
1.5123096
0.3539968
2.0971732
5.376746
2.931061
4.282468
6.191909
3.5054395
2.4936044
2.0425754
2.8661842
3.564872
6.6237144
3.8790214
2.5995069
3.5684214
4.36203
1.6805233
5.0061913
2.062069
1.4093666
2.4619114
1.5946982
12.598907
6.315927
1.55675
2.7519133
4.8764586
10.296677
8.712572
1.7242764
6.1967196
8.53433
7.980347
3.6628923
8.477923
5.8112006
4.907137
6.780573
5.082961
6.408149
5.9440327
4.08108
0.09419201
3.221653
1.9082339
3.097183
4.5164285
3.844772
1.7846687
4.668004
3.7451215
5.377842
3.0394402
5.8949986
2.4880867
10.08362
6.7574553
6.08858
4.3527718
3.2850451
4.5261793
6.9183016
7.0806623
3.679885
4.6784496
2.0017104
3.2986927
3.0212457
1.917497
6.5729213
2.7545528
4.471351
4.273775
1.9562868
4.6994796
7.420252
5.533016
3.041624
4.462053
1.7221667
3.3967884
2.168279
0.14274998
4.4362745
4.483554
7.8514853
7.215901
6.5281134
8.311386
3.8048484
2.3791876
4.5008936
1.8575611
7.580789
4.487067
5.348673
3.402874
5.2824802
6.025557
3.8103545
5.059682
4.7760963
3.504538
6.5198326
12.13863
4.4828844
10.034022
8.770471
4.3892236
5.4440384
1.794115
2.50111
3.773996
7.272799
5.356933
6.0975647
9.2331
3.8882506
7.367223
6.7782736
5.1050835
7.546923
5.7345257
6.0358315
4.586434
4.129611
2.3469236
4.7078433
1.9934337
3.4584026
3.5397177
14.790712
8.865936
7.0229506
5.6414886
3.3122177
2.948172
2.4252567
5.027861
7.3437123
2.1637487
2.9295945
4.1224527
1.6705899
6.5348654
5.2750216
3.802114
8.030989
6.784621
3.7644815
3.535366
4.7092037
5.9056168
4.5706077
5.3918304
6.14941
5.5570693
5.842166
4.822972
1.9529989
0.75659186
6.614244
4.073579
6.23361
2.0089953
7.5077825
4.7338543
5.321106
8.644541
7.647467
13.238752
5.7625284
12.0017185
4.567292
5.058648
4.0822186
6.323883
2.5068204
3.654907
4.7406445
1.9765663
5.1236167
11.487175
4.5683074
6.157551
2.500022
1.6751777
5.226717
1.8803419
1.9928024
4.4062147
3.1409879
3.797036
3.0098727
2.4145937
13.686717
7.373023
0.456745
1.8015531
2.8463478
3.1299372
3.6525233
14.244088
4.1894417
2.4421637
10.887934
5.1493797
9.878773
5.0766087
6.895654
7.17419
0.43922967
6.7364902
1.9189605
5.809275
4.2403727
5.5749207
4.5901933
7.801783
6.907447
2.0447676
0.2450917
5.3632417
5.2895355
5.858678
4.732748
5.654413
7.945241
5.6788173
2.4018586
4.6529245
5.397825
8.524416
3.7730262
9.218587
1.1539006
6.2353277
5.0934877
5.991456
3.9623232
2.7201128
13.423361
8.752029
10.405199
8.593749
11.656066
10.807426
5.483266
12.308413
9.726547
9.641937
5.207444
8.487833
13.032457
10.076463
13.468788
10.3633175
6.0277257
11.717677
8.521563
5.699398
14.263097
5.5518804
13.73889
12.029829
3.5152206
5.7035313
5.311785
5.5182695
6.609563
6.807266
4.5898857
6.9017057
4.4865656
6.086411
3.5409822
10.342207
6.1316166
4.2281055
3.0981662
2.9155695
2.8101308
3.3332434
7.0747347
2.546733
2.0914092
4.7597632
1.4269519
4.7951655
2.5913463
3.4800844
6.8179355
1.6840469
4.0245705
2.4767587
3.2818704
4.0727882
2.8858442
2.30126
1.810788
2.3866906
2.6361728
2.642442
3.264214
4.021881
7.2418466
4.3207316
5.3883486
2.9624724
3.410314
1.7409691
3.4881191
1.9717594
2.5289972
2.4661987
2.649832
0.43528724
0.59928405
1.7828567
4.855772
5.124008
2.0256395
6.157049
4.5433617
15.322489
4.8745675
2.201689
6.3463364
3.5026407
3.4359038
3.1268928
2.4743059
2.9887528
3.167582
0.46761125
1.5575509
4.821495
7.376801
3.0411236
1.9789298
2.8835876
7.035786
2.931188
1.3827138
1.0076104
1.979954
1.9965465
2.1799026
1.5274223
8.056089
6.043236
1.9942708
6.10921
3.2616858
6.6630263
2.8646379
5.1596146
1.4678319
4.038156
2.3280897
8.495158
2.4668927
2.2998562
0.03649269
0.3351974
6.750874
4.942024
4.434514
1.3512738
5.149954
0.67449504
0.8853337
1.4582624
1.5025425
2.4944558
0.7720582
1.2841246
4.813981
3.8407717
5.1417713
2.4017982
4.3744698
3.531897
0.57070124
1.6223713
2.3531413
3.176821
8.82205
4.2122602
0.6648133
3.8698199
1.5424955
4.281426
8.174547
9.878214
4.8786077
10.563696
19.391262
12.938223
23.947363
7.971576
5.9834166
9.5455475
6.93965
2.6159253
7.860266
2.3316503
5.571761
5.1186004
0.9334387
2.194015
1.9354107
1.8552978
1.412464
4.505178
7.8130045
7.4510875
5.6159844
5.5768185
1.7301317
5.0865755
5.225265
3.735424
5.4419103
3.9319375
3.7324977
2.6007252
4.205057
2.852489
0.6093801
1.7979493
4.654892
4.1254563
2.3210373
1.9242902
1.0250114
3.6299708
2.3529701
2.45323
6.282069
4.1388025
5.4046636
4.8803067
6.710475
7.2292457
5.7513514
3.9872658
4.174758
1.8659381
1.5321572
2.4679976
2.8466988
1.075598
0.4586512
1.3874621
2.365444
1.5068879
0.45657444
1.5391991
1.8577757
0.535324
0.15845075
2.5466244
3.4895673
2.0307345
1.6500953
4.1714864
3.696403
2.8885372
3.4408357
4.5529175
2.1907744
0.8413973
0.6539482
1.4861662
2.8133588
0.6485782
2.5849843
2.3110394
2.8270483
4.688985
2.2097073
1.2891904
2.2521553
0.7722738
1.4672794
0.24309093
0.44023538
2.463898
3.053103
3.8083184
0.93161064
2.3165019
4.2468004
3.6910727
4.242369
2.027922
2.5931935
1.5972391
5.004867
6.868792
3.068657
4.8419266
0.8534068
1.8011909
12.432589
14.255701
8.142829
13.898642
16.061386
9.574865
6.267761
6.5007715
2.4942985
6.9463243
2.8273695
4.610855
1.9231417
0.74621904
2.96694
2.5104392
8.691489
1.3981916
2.0601225
3.2049189
3.099676
1.9174409
0.63795006
4.862382
2.5700796
2.1564014
15.982092
7.5910716
1.319215
3.2308257
2.444427
5.073535
2.4712753
3.8099184
2.1078928
5.006414
4.365181
14.780929
10.225578
3.728169
8.738817
8.477726
1.9349471
3.1237922
5.295571
2.6586862
1.4407794
5.518175
3.3894734
2.8167162
2.5455291
2.2713814
7.8578615
4.9346476
1.4250697
3.2720938
1.9116113
1.4191833
1.8220646
1.6622012
4.686297
5.7806377
6.609849
1.4607992
5.272263
3.360084
11.44075
9.329731
7.903238
6.87115
5.2161746
9.689604
8.848129
4.786648
5.7036185
2.3745437
3.579088
2.1417868
1.2132608
0.77818084
3.3754172
1.6795485
0.5949134
1.5571063
1.8324852
2.1301932
2.0711808
3.030664
1.8403615
0.8676882
1.6840196
1.1028125
1.6663222
3.190298
0.026553683
1.1163125
2.5835981
2.9319975
1.3649902
1.1360679
2.6463878
4.182122
3.1689878
2.105121
2.2902582
0.30572742
1.6961044
0.066781126
3.0342498
1.3610835
0.49027717
3.0054603
7.5649323
1.9268992
2.5960376
1.9103644
1.5265642
0.99913585
2.4172354
2.9911118
2.1950362
1.646407
2.374883
4.8335037
3.848344
0.14989462
2.7758713
1.5041347
2.0597758
2.7149432
3.836148
2.4437532
10.762881
3.167731
2.290464
1.316289
4.7136445
3.6639738
4.746477
7.5750904
5.7908826
2.9850821
1.7536342
0.9750445
10.749853
2.1391306
3.2334545
2.2242994
4.679465
3.1969137
2.212108
0.8045503
1.750127
0.06770228
0.3659142
2.1453657
2.2945094
0.3444375
0.0066358615
3.659174
0.06887017
0.7554507
0.5775437
0.7499856
1.1849606
7.608556
1.0762088
5.210141
5.914775
7.6246185
4.571186
1.0879968
2.2931013
1.5051224
1.2276264
3.6956978
7.720868
1.3748167
0.11742535
6.4769583
1.4995489
1.3760064
3.5887914
1.1869045
1.0683173
1.4040067
3.1743855
3.1450505
0.19522297
0.50543225
2.299002
2.7620752
1.4496307
4.0525804
1.9841962
0.9222718
1.8692427
6.0335827
4.354048
1.5052803
2.7125864
0.56015384
0.28566495
2.7141366
2.1169825
1.9955586
4.6683435
0.031046307
3.2526138
2.3293295
3.1435595
3.356943
2.9103298
0.4719924
7.303327
1.5453405
1.8145695
2.9061222
4.9410734
0.7921066
3.8146362
2.8962865
4.0189795
2.7580512
1.9482844
2.696872
3.8725533
7.29014
3.3903577
3.0773215
5.044522
0.6411782
0.87267876
0.35105592
0.5284245
0.41364026
1.386318
1.4476438
6.336602
2.0242965
0.16889498
2.9354215
4.9335556
3.1204743
2.062429
0.5648645
2.7498116
2.3573687
2.861382
2.2102175
0.71439886
1.444222
4.8119526
2.9988537
2.1731257
0.846556
2.4389079
0.56961393
2.642404
0.14283
0.11999705
3.8905945
0.2349187
2.7614808
2.3884625
0.33978093
0.08032924
3.9354348
0.3894422
2.122355
0.0493188
2.8074374
0.008753146
1.2383602
0.6683984
1.821339
0.2656995
1.5369179
0.219565
1.0986022
0.82010245
1.5349687
4.0140066
4.0186825
0.6066156
0.035808392
0.4524621
0.66440797
0.5840322
3.2578342
2.0138152
0.98309684
0.87554264
7.25141
1.7581421
3.1893346
1.4775542
0.68649846
1.3971213
3.109737
8.167506
0.2173833
2.1313667
1.9644119
0.7870426
0.1853244
2.8437123
1.7939653
2.0815358
0.56630206
1.5632198
1.7659055
0.1186015
3.3779917
0.113140136
0.37949383
2.5595627
1.5642893
1.3643112
0.080509625
0.013408213
2.00099
3.3362677
2.806207
1.593322
0.020438664
1.902839
1.0393207
0.2618399
0.9436526
1.5017192
1.6849054
0.46483907
0.6895043
0.7645513
0.8710185
2.8271992
0.019692443
0.67986137
4.4576674
2.6680427
6.281847
9.605411
4.8179317
2.3015175
1.8021386
2.1679852
3.5568457
2.9707408
11.054898
1.0124276
